34.4 74.8
64.9 7.1
78.8 68.4
61.1 7.4
12.6 82.9
5.8 91.8
100.0 88.8
3.4 16.5
37.6 33.3
61.5 34.5
35.3 93.0
0.2 73.5
17.7 32.7
92.4 9.4
35.2 90.1
66.5 6.2
61.6 39.2
94.3 22.2
72.7 3.6
56.0 98.2
80.6 21.8
29.4 57.1
87.2 93.3
71.8 78.5
14.4 74.3
47.3 36.2
84.7 2.9
36.9 52.5
20.6 83.7
65.5 21.7
2.1 5.7
84.2 12.6
14.7 41.7
97.4 90.6
2.1 65.9
79.0 93.1
40.3 57.2
50.2 77.9
88.8 24.8
95.3 80.0
79.7 72.4
59.3 23.2
10.2 28.7
76.0 15.3
33.5 65.9
55.0 89.5
7.5 45.7
89.9 30.0
69.0 6.4
79.2 67.4
71.2 84.7
87.6 54.7
94.3 16.2
42.9 10.7
89.8 45.0
6.5 60.5
3.6 48.7
5.0 28.1
63.1 42.3
24.0 28.7
46.5 45.3
68.2 51.2
71.6 95.2
66.0 79.8
94.4 62.2
5.7 0.8
85.7 81.3
35.8 8.3
12.1 21.8
60.2 93.4
36.8 96.3
94.6 76.1
83.9 61.0
4.0 43.4
72.3 95.6
22.6 40.8
80.3 90.6
39.5 82.4
89.7 73.8
55.4 36.0
76.2 34.3
93.3 60.3
56.4 20.2
71.3 2.2
96.3 58.3
51.8 49.0
24.9 84.7
24.5 41.0
25.3 69.0
92.2 51.6
77.1 94.1
44.5 18.7
62.5 74.1
93.7 16.8
27.4 13.2
46.2 60.5
75.9 26.3
15.5 5.2
56.7 58.5
94.6 20.0
